image: b2-downstairs4.pgm
resolution: 0.050000
origin: [-6.294455, -4.346103, 0.000000]
negate: 0
occupied_thresh: 0.65
free_thresh: 0.196
